amp1 = 26.8;
width1 = 0.5;
delay2 = 25;
amp2 = 13.7;
width2 = 0.5;
hhsplot(0,50);









